
Artículo T.Tambor Lote     Año vinicio vfin      Fecha    Hora
-------- -------- ---- ------- ------- ----      -------- --------
      44        2    0   2,000       1    1    1 27/09/01 16:53:57
      44        2    0   2,000       2    2    1 27/09/01 16:54:18
      44        2    0   2,000       3    3    1 27/09/01 16:54:26
      44        2    0   2,000       4    4    1 27/09/01 16:54:33
      44        2    0   2,000       5    5    1 27/09/01 16:54:44
      44        2    0   2,001       1    1    1 10/10/01 09:52:07
      44        2    0   2,001       2    2    1 10/10/01 09:52:16
      44        6    4   2,001       1   10   10 12/12/01 07:31:13
                                            ----
                                              17                   TOTAL
      48        2    0   2,001     683  683    1 24/09/01 12:26:34
      48        2    0   2,001     684  684    1 24/09/01 12:27:34
      48        2    0   2,001     685  685    1 24/09/01 12:27:57
      48        2    0   2,001     686  686    1 25/09/01 00:30:55
      48        2    0   2,001     687  687    1 25/09/01 00:31:39
      48        2    0   2,001     688  688    1 25/09/01 00:32:19
      48        2    0   2,001     689  689    1 25/09/01 00:32:55
                                            ----
                                               7                   TOTAL
      50        6  605   2,003       1   80   80 04/05/03 11:45:17
      50        6  606   2,003       1   80   80 06/05/03 15:57:31
                                            ----
                                             160                   TOTAL
      51        2    0   2,001    3398 3398    1 27/09/01 20:19:00
      51        2    0   2,001    3399 3399    1 27/09/01 20:19:48
      51        2    0       ?    2257 2257    1 30/07/01 23:25:58
      51        2    0       ?    3063 3063    1 23/08/01 23:52:37
      51        6  518   2,001      41   80   40 25/11/01 12:23:34
      51        6  503   2,002      41   80   40 18/04/02 13:26:00
      51        6  509   2,002       1    1    1 26/12/02 13:36:54
      51        6  541   2,002      31   80   50 24/10/02 12:30:21
      51        6  543   2,002      68   80   13 28/04/03 16:51:45
      51        6  545   2,002       1   22   22 22/10/02 19:58:19
      51        6  547   2,002      44   80   37 26/10/02 15:49:27
      51        6  547   2,002      41   80   40 02/05/03 21:32:16
      51        6  548   2,002      37   40    4 27/04/03 10:54:26
      51        6  555   2,002      67   80   14 11/02/03 12:18:00
      51        6  557   2,002       1   80   80 29/03/03 12:43:11
      51        6  559   2,002       1   80   80 09/12/02 20:13:00
      51        6  563   2,002       1   80   80 22/11/02 09:55:47
      51        6  571   2,002      41   80   40 30/12/02 09:10:47
      51        6  572   2,002      66   80   15 30/12/02 09:15:38
      51        6  572   2,002      21   45   25 03/05/03 16:46:41
      51        6  575   2,002       7   80   74 14/02/03 20:34:36
      51        6  579   2,002       1   80   80 21/03/03 15:25:42
      51        6  580   2,002       1   80   80 19/03/03 19:30:16
      51        6  581   2,002      75   80    6 28/04/03 17:02:57
      51        6  583   2,002      71   80   10 30/04/03 19:09:39
      51        6  584   2,002       1   80   80 25/03/03 19:12:27
      51        6  585   2,002       1   80   80 25/03/03 19:15:25
                                            ----
                                             995                   TOTAL
      52        3   59   2,002       1   70   70 17/04/03 10:27:29
      52        3   60   2,002       1   70   70 17/04/03 10:28:19
      52        3   63   2,002       1   70   70 12/05/02 03:19:23
      52        3   64   2,002       1   70   70 12/05/02 15:35:14
      52        3   70   2,002       1   70   70 14/05/02 11:22:37
      52        3   95   2,002       1   70   70 27/05/02 12:25:26
      52        3  204   2,002       1   70   70 19/07/02 08:08:49
      52        3  209   2,002       1   70   70 21/07/02 08:02:58
      52        3  234   2,002       1   70   70 03/08/02 07:31:59
      52        3  236   2,002       1   70   70 04/08/02 04:14:03
      52        3  237   2,002       1   70   70 04/08/02 16:56:14
      52        3  238   2,002       1   70   70 05/08/02 08:47:15
      52        3  267   2,002      25   70   46 22/08/02 23:06:52
      52        3  271   2,002       1   70   70 24/08/02 22:22:59
      52        3  272   2,002       1   70   70 25/08/02 08:58:05
      52        3  275   2,002       1   70   70 26/08/02 07:04:10
      52        3  277   2,002       1   70   70 27/08/02 00:07:59
      52        3  278   2,002       1   70   70 27/08/02 15:10:15
      52        3  287   2,002       1   70   70 31/08/02 22:27:55
      52        3  300   2,002       1   70   70 19/11/02 12:44:04
      52        3  302   2,002       1   70   70 21/11/02 17:29:56
      52        3  309   2,002       1   70   70 07/12/02 03:06:40
      52        3  311   2,002       1   70   70 12/12/02 15:04:44
      52        3  312   2,002       1   70   70 17/12/02 15:57:33
      52        3  544   2,002      11   70   60 06/05/02 23:20:12
      52        3  576   2,002       1   70   70 14/05/02 15:30:27
      52        3  577   2,002       1   40   40 15/05/02 01:18:31
      52        3  683   2,002       1   70   70 18/06/02 03:47:42
      52        3  747   2,002      63   70    8 05/07/02 23:40:07
      52        3  778   2,002       1   70   70 12/07/02 17:04:20
      52        3  782   2,002      41   70   30 13/07/02 17:09:12
      52        3  793   2,002      36   70   35 15/07/02 22:16:43
      52        3  794   2,002       1   70   70 15/07/02 22:18:17
      52        3  796   2,002      36   70   35 16/07/02 11:07:40
      52        3  799   2,002      41   70   30 16/07/02 23:46:16
      52        3  813   2,002       1   70   70 21/07/02 06:57:41
      52        3  814   2,002       1   70   70 21/07/02 06:59:22
      52        3  815   2,002       1   70   70 21/07/02 07:05:47
      52        3  816   2,002       1   70   70 21/07/02 07:33:36
      52        3  819   2,002       1   70   70 22/07/02 15:45:50
      52        3  821   2,002       1   70   70 23/07/02 00:39:00
      52        3  856   2,002       1   70   70 31/07/02 15:00:40
      52        3  857   2,002       1   70   70 01/08/02 00:28:19
      52        3  858   2,002       1   70   70 01/08/02 07:34:06
      52        3  859   2,002       1   70   70 01/08/02 08:00:46
      52        3  860   2,002       1   70   70 25/10/02 13:19:01
      52        3  900   2,002       1   70   70 11/08/02 09:38:30
      52        3  984   2,002       1   70   70 05/09/02 02:48:20
      52        3  985   2,002       1   70   70 05/09/02 10:29:42
      52        3  994   2,002       1   70   70 09/09/02 19:14:09
      52        3  995   2,002       1   70   70 10/09/02 08:36:42
      52        3  996   2,002       1   70   70 10/09/02 23:01:23
      52        3 1015   2,002       1   70   70 31/10/02 22:48:10
      52        3    6   2,003       1   70   70 21/01/03 09:25:21
      52        3    7   2,003       1   70   70 24/01/03 09:12:02
      52        3  502   2,003       1    6    6 25/02/03 19:37:56
      52        3  508   2,003       1   70   70 09/04/03 01:29:30
      52        3  509   2,003      36   70   35 19/04/03 09:15:38
      52        3  511   2,003       1   70   70 28/04/03 15:50:09
      52        3  512   2,003       1  105  105 29/04/03 21:40:41
      52        3  513   2,003       1   70   70 04/05/03 00:48:04
      52        3  514   2,003       1   70   70 05/05/03 03:31:47
      52        9 8024       0       1   24   24 26/02/03 10:15:52
      52        9 8611       0       1   35   35 26/02/03 10:22:33
      52        9  853   2,002      56   57    2 15/04/02 10:51:06
      52        9 8007   2,002       1   34   34 20/02/03 06:19:24
      52        9  197   2,003       1    2    2 25/02/03 07:22:25
      52        9 8006   2,003       1   43   43 20/02/03 06:18:12
      52        9 8018   2,003      15   17    3 14/02/03 09:37:28
      52        9 8019   2,003       1   19   19 14/02/03 09:38:17
      52        9 8020   2,003       1    5    5 14/02/03 09:44:36
      52        9 8023   2,003       1   18   18 20/02/03 06:21:20
      52        9 8025   2,003      29   35    7 20/02/03 06:21:55
      52        9 8026   2,003       1   10   10 20/02/03 08:37:56
      52        9 8100   2,003       1  112  112 15/04/03 08:49:36
      52        9 8301   2,003      26   36   11 30/01/03 11:07:49
      52        9 8712   2,003      11   33   23 26/02/03 10:23:06
                                            ----
                                            4348                   TOTAL
      53        3   10   2,003       1   18   18 28/01/03 06:21:23
      53        3  319   2,003     289  912  624 26/04/03 12:22:29
      53        3  320   2,003       1  280  280 30/04/03 09:10:11
      53        3  516   2,003       1   70   70 04/04/03 00:43:09
      53        3  521   2,003       1   70   70 20/04/03 23:41:03
      53        3  522   2,003       1   70   70 22/04/03 19:32:54
      53        3  523   2,003       1   70   70 27/04/03 02:56:34
      53        3  524   2,003       1   70   70 03/05/03 19:23:40
      53        3  525   2,003       1   70   70 06/05/03 09:41:07
      53        3  500   2,033       1   32   32 05/02/03 01:13:29
      53        9  406   2,002       1  164  164 20/12/02 12:22:36
                                            ----
                                            1538                   TOTAL
      57        2    0   2,001      86   86    1 02/12/01 12:36:05
                                            ----
                                               1                   TOTAL
      58        2    0   2,001     694  694    1 13/10/01 21:24:09
      58        2    0   2,001     695  695    1 13/10/01 21:25:37
      58        2    0   2,001     696  696    1 19/10/01 20:59:02
      58        2    0   2,001     697  697    1 23/10/01 03:25:23
      58        2    0   2,001     698  698    1 23/10/01 20:54:09
      58        2    0   2,001     700  700    1 26/10/01 05:22:45
      58        2    0   2,001     699  699    1 26/10/01 05:26:45
      58        2    0   2,001     701  701    1 29/10/01 23:30:12
      58        2    0   2,001     702  702    1 05/11/01 18:40:11
      58        2    0   2,001     706  706    1 27/11/01 01:35:43
      58        2    0   2,001     707  707    1 28/11/01 11:01:16
      58        2    0   2,001     708  708    1 28/11/01 15:10:16
      58        2    0   2,001     709  709    1 29/11/01 04:48:42
      58        2    0   2,001     711  711    1 04/12/01 07:15:29
      58        2    0   2,001     712  712    1 06/12/01 07:26:06
      58        2    0   2,001     713  713    1 11/12/01 04:26:24
      58        2    0   2,001     714  714    1 13/12/01 18:35:44
      58        2    0   2,001     715  715    1 15/12/01 13:06:47
      58        2    0   2,001     716  716    1 17/12/01 04:28:16
      58        2    0   2,001     717  717    1 17/12/01 09:46:43
      58        2    0   2,001     718  718    1 18/12/01 09:27:07
      58        2    0   2,001     719  719    1 20/12/01 08:53:34
      58        2    0   2,001     720  720    1 20/12/01 20:32:39
      58        2    0   2,001     721  721    1 22/12/01 08:06:49
                                            ----
                                              24                   TOTAL
      59        7   54   2,002       1    1    1 28/12/02 12:23:54
      59        7    7   2,003       2    2    1 07/04/03 16:18:51
      59        7    8   2,003       1    2    2 20/04/03 12:10:29
      59        7    9   2,003       1    2    2 11/04/03 17:49:44
                                            ----
                                               6                   TOTAL
      64        9    1   2,001       1    1    1 30/10/01 10:12:45
                                            ----
                                               1                   TOTAL
      65        9    1   2,001       4    6    3 21/02/02 10:00:09
      65        9    2   2,001       1    1    1 07/05/02 12:51:02
                                            ----
                                               4                   TOTAL
      66        1 1010   2,003       1   11   11 25/03/03 16:02:43
                                            ----
                                              11                   TOTAL
      71        3   39   2,002      62   70    9 13/08/02 08:20:41
      71        3   42   2,002      41   70   30 28/07/02 03:49:11
      71        3   43   2,002       1   70   70 31/07/02 17:50:24
      71        3   45   2,002       1   70   70 14/08/02 21:24:48
      71        3   50   2,002       1   70   70 29/08/02 19:53:05
      71        3   52   2,002       1   70   70 02/09/02 13:06:50
      71        3    1   2,003       1  480  480 21/04/03 19:16:23
      71        3    2   2,003       1  480  480 23/04/03 16:49:14
                                            ----
                                            1279                   TOTAL
      73        2    0   2,000       1    1    1 29/09/00 18:09:54
                                            ----
                                               1                   TOTAL
      74        6    9   2,001       1    9    9 16/10/01 21:30:00
      74        6  704   2,002      30   40   11 27/09/02 17:31:25
      74        6  701   2,003       1   40   40 05/03/03 17:50:25
      74        6  702   2,003       1   80   80 01/04/03 15:44:26
      74        6  703   2,003       1   80   80 01/04/03 15:50:02
                                            ----
                                             220                   TOTAL
      76        6  802   2,002       1   10   10 21/10/02 10:49:25
      76        6  805   2,002       1   20   20 30/11/02 20:24:31
      76        6  806   2,002       1   20   20 19/12/02 18:36:31
      76        6  807   2,002       1   20   20 03/01/03 16:03:25
      76        6  808   2,002       1    9    9 28/02/03 16:55:18
      76        7   94   2,002       1    1    1 28/12/02 19:59:06
                                            ----
                                              80                   TOTAL
      90        6    9   2,001      19   27    9 15/09/01 09:21:07
      90        6   18   2,001      13   17    5 26/03/02 10:17:54
      90        6  704   2,002      30   40   11 16/06/02 11:25:25
                                            ----
                                              25                   TOTAL
     411        2    0   2,000      11   11    1 23/09/00 17:05:40
     411        2    0   2,000       1    1    1 10/10/00 12:30:19
     411        2    0   2,001       1    1    1 26/09/01 07:23:25
     411        2    0   2,001       4    4    1 26/09/01 07:24:48
     411        2    0   2,002       2    2    1 01/08/02 07:10:47
     411        2    0   2,002       3    3    1 01/08/02 07:11:20
     411        2    0   2,002       4    4    1 02/08/02 07:16:29
     411        2    0   2,002       5    5    1 02/08/02 07:17:07
     411        2    0   2,002       6    6    1 02/08/02 07:17:46
     411        2    0   2,002       7    7    1 02/08/02 07:18:24
                                            ----
                                              10                   TOTAL
     501        2    0   2,002       1    1    1 30/12/02 12:01:58
     501        2    0   2,002       2    2    1 30/12/02 12:02:25
     501        2    0   2,002       3    3    1 30/12/02 12:02:57
                                            ----
                                               3                   TOTAL
     511        2    0   2,002     212  212    1 22/04/02 06:49:41
     511        2    0   2,002     740  740    1 16/05/02 06:35:13
     511        2    0   2,002     778  778    1 16/05/02 18:58:04
     511        2    0   2,002     741  741    1 17/05/02 08:04:56
     511        2    0   2,002     742  742    1 17/05/02 08:05:22
     511        2    0   2,002     743  743    1 17/05/02 08:05:36
     511        2    0   2,002     824  824    1 23/05/02 06:25:24
     511        2    0   2,002     825  825    1 23/05/02 06:25:51
     511        2    0   2,002     826  826    1 23/05/02 06:26:11
     511        2    0   2,002     827  827    1 23/05/02 06:26:26
     511        2    0   2,002     828  828    1 23/05/02 06:26:42
     511        2    0   2,002     829  829    1 24/05/02 06:36:29
     511        2    0   2,002     858  858    1 25/05/02 07:25:30
     511        2    0   2,002     859  859    1 25/05/02 07:25:46
     511        2    0   2,002     860  860    1 25/05/02 07:26:10
     511        2    0   2,002     861  861    1 25/05/02 07:26:27
     511        2    0   2,002     862  862    1 25/05/02 07:26:45
     511        2    0   2,002     863  863    1 25/05/02 07:27:05
     511        2    0   2,002     870  870    1 25/05/02 07:29:40
     511        2    0   2,002     871  871    1 25/05/02 07:30:00
     511        2    0   2,002     872  872    1 25/05/02 07:30:30
     511        2    0   2,002     873  873    1 25/05/02 07:30:49
     511        2    0   2,002     994  994    1 01/06/02 07:35:55
     511        2    0   2,002     995  995    1 02/06/02 06:59:39
     511        2    0   2,002    1566 1566    1 14/06/02 14:19:23
     511        2    0   2,002    1831 1831    1 21/06/02 12:18:26
     511        2    0   2,002    1927 1927    1 23/06/02 16:20:39
     511        2    0   2,002    2136 2136    1 29/06/02 11:59:52
     511        2    0   2,002    2614 2614    1 15/07/02 03:43:51
     511        2    0   2,002    2174 2174    1 31/07/02 06:52:03
     511        2    0   2,002    2176 2176    1 31/07/02 06:53:39
     511        2    0   2,002    2178 2178    1 31/07/02 06:55:14
     511        2    0   2,002    2181 2181    1 31/07/02 06:57:20
     511        2    0   2,002    2182 2182    1 31/07/02 06:57:56
     511        2    0   2,002    2196 2196    1 01/08/02 06:51:00
     511        2    0   2,002    2197 2197    1 01/08/02 06:51:53
     511        2    0   2,002    2198 2198    1 01/08/02 06:52:32
     511        2    0   2,002    2208 2208    1 02/08/02 09:49:36
     511        2    0   2,002    2207 2207    1 02/08/02 09:50:22
     511        2    0   2,002    2206 2206    1 02/08/02 09:51:07
     511        2    0   2,002    2226 2226    1 03/08/02 07:51:10
     511        2    0   2,002    2231 2231    1 03/08/02 07:55:13
     511        2    0   2,002    2236 2236    1 03/08/02 07:58:33
     511        2    0   2,002    2209 2209    1 03/08/02 08:02:10
     511        2    0   2,002    2225 2225    1 03/08/02 08:03:38
     511        2    0   2,002    2274 2274    1 05/08/02 06:34:59
     511        2    0   2,002    2269 2269    1 05/08/02 06:41:44
     511        2    0   2,002    2270 2270    1 05/08/02 06:42:26
     511        2    0   2,002    2271 2271    1 05/08/02 06:43:02
     511        2    0   2,002    2272 2272    1 05/08/02 06:43:41
     511        2    0   2,002    2273 2273    1 05/08/02 06:44:20
     511        2    0   2,002    2315 2315    1 07/08/02 06:51:49
     511        2    0   2,002    2320 2320    1 07/08/02 06:55:09
     511        2    0   2,002    2329 2329    1 07/08/02 07:01:53
     511        2    0   2,002    2358 2358    1 09/08/02 11:32:20
     511        2    0   2,002    2363 2363    1 09/08/02 11:37:25
     511        2    0   2,002    2372 2372    1 09/08/02 11:48:48
     511        2    0   2,002    2381 2381    1 10/08/02 13:24:52
     511        2    0   2,003       1    1    1 07/03/03 00:25:39
     511        2    0   2,003       2    2    1 07/03/03 00:26:05
     511        2    0   2,003       3    3    1 07/03/03 00:26:25
     511        2    0   2,003       7    7    1 13/03/03 09:10:55
     511        2    0   2,003       8    8    1 13/03/03 09:11:22
     511        2    0   2,003       9    9    1 13/03/03 09:11:44
     511        2    0   2,003      10   10    1 13/03/03 09:11:59
     511        2    0   2,003      11   11    1 13/03/03 09:12:12
     511        2    0   2,003      12   12    1 15/03/03 21:13:26
     511        2    0   2,003      13   13    1 15/03/03 21:13:51
     511        2    0   2,003      14   14    1 15/03/03 21:14:07
     511        2    0   2,003      15   15    1 15/03/03 21:14:21
     511        2    0   2,003      16   16    1 15/03/03 21:14:33
     511        2    0   2,003      17   17    1 15/03/03 21:14:51
     511        2    0   2,003      18   18    1 15/03/03 21:15:59
     511        2    0   2,003      19   19    1 19/03/03 17:28:34
     511        2    0   2,003      20   20    1 19/03/03 17:28:54
     511        2    0   2,003      21   21    1 19/03/03 17:29:09
     511        2    0   2,003      22   22    1 19/03/03 17:29:25
     511        2    0   2,003      23   23    1 19/03/03 20:30:23
     511        2    0   2,003      24   24    1 21/03/03 16:30:50
     511        2    0   2,003      25   25    1 21/03/03 16:31:05
     511        2    0   2,003      26   26    1 21/03/03 16:31:21
     511        2    0   2,003      27   27    1 21/03/03 16:31:36
     511        2    0   2,003      28   28    1 21/03/03 16:31:55
     511        2    0   2,003      29   29    1 21/03/03 16:32:10
     511        2    0   2,003      30   30    1 21/03/03 16:32:25
     511        2    0   2,003      31   31    1 21/03/03 16:32:39
     511        2    0   2,003      32   32    1 21/03/03 16:32:51
     511        2    0   2,003      34   34    1 21/03/03 16:33:03
     511        2    0   2,003      33   33    1 21/03/03 16:33:17
     511        2    0   2,003      44   44    1 24/03/03 23:56:31
     511        2    0   2,003      45   45    1 24/03/03 23:56:56
     511        2    0   2,003      46   46    1 24/03/03 23:57:19
     511        2    0   2,003      47   47    1 24/03/03 23:57:40
     511        2    0   2,003      48   48    1 24/03/03 23:57:59
     511        2    0   2,003      49   49    1 24/03/03 23:58:18
     511        2    0   2,003      50   50    1 24/03/03 23:58:36
     511        2    0   2,003      51   51    1 24/03/03 23:58:59
     511        2    0   2,003      52   52    1 26/03/03 19:39:43
     511        2    0   2,003      53   53    1 26/03/03 19:40:06
     511        2    0   2,003      54   54    1 26/03/03 19:40:20
     511        2    0   2,003      55   55    1 26/03/03 19:40:32
     511        2    0   2,003      56   56    1 26/03/03 19:40:44
     511        2    0   2,003      57   57    1 26/03/03 19:40:56
     511        2    0   2,003      58   58    1 26/03/03 19:41:08
     511        2    0   2,003      59   59    1 26/03/03 19:41:20
     511        2    0   2,003      60   60    1 26/03/03 19:46:17
     511        2    0   2,003       4    4    1 27/03/03 15:57:25
     511        2    0   2,003       5    5    1 27/03/03 15:58:22
     511        2    0   2,003       6    6    1 27/03/03 15:59:44
     511        2    0   2,003      35   35    1 27/03/03 16:15:04
     511        2    0   2,003      36   36    1 27/03/03 16:15:33
     511        2    0   2,003      37   37    1 27/03/03 16:18:27
     511        2    0   2,003      38   38    1 27/03/03 16:20:22
     511        2    0   2,003      39   39    1 27/03/03 16:22:20
     511        2    0   2,003      40   40    1 27/03/03 16:22:37
     511        2    0   2,003      41   41    1 27/03/03 16:22:52
     511        2    0   2,003      42   42    1 27/03/03 16:23:14
     511        2    0   2,003      43   43    1 27/03/03 16:23:30
     511        2    0   2,003      61   61    1 27/03/03 20:34:13
     511        2    0   2,003      62   62    1 27/03/03 20:34:28
     511        2    0   2,003      63   63    1 27/03/03 20:34:44
     511        2    0   2,003      64   64    1 27/03/03 20:34:59
     511        2    0   2,003      65   65    1 27/03/03 20:35:15
     511        2    0   2,003      66   66    1 27/03/03 20:35:28
     511        2    0   2,003      67   67    1 27/03/03 20:38:16
     511        2    0   2,003      68   68    1 28/03/03 23:37:45
     511        2    0   2,003      69   69    1 28/03/03 23:38:17
     511        2    0   2,003      70   70    1 28/03/03 23:38:34
     511        2    0   2,003      71   71    1 28/03/03 23:38:48
     511        2    0   2,003      72   72    1 28/03/03 23:39:00
     511        2    0   2,003      73   73    1 28/03/03 23:39:13
     511        2    0   2,003      74   74    1 28/03/03 23:39:25
     511        2    0   2,003      75   75    1 29/03/03 21:13:07
     511        2    0   2,003      76   76    1 29/03/03 21:13:42
     511        2    0   2,003      77   77    1 29/03/03 21:13:51
     511        2    0   2,003      78   78    1 29/03/03 21:14:00
     511        2    0   2,003      79   79    1 29/03/03 21:14:28
     511        2    0   2,003      80   80    1 29/03/03 21:14:46
     511        2    0   2,003      81   81    1 29/03/03 21:14:55
     511        2    0   2,003      82   82    1 29/03/03 21:15:05
     511        2    0   2,003      83   83    1 29/03/03 21:15:11
     511        2    0   2,003      84   84    1 01/04/03 21:31:55
     511        2    0   2,003      85   85    1 01/04/03 21:32:10
     511        2    0   2,003      86   86    1 01/04/03 21:32:23
     511        2    0   2,003      87   87    1 01/04/03 21:32:36
     511        2    0   2,003      88   88    1 01/04/03 21:32:51
     511        2    0   2,003      89   89    1 01/04/03 21:33:09
     511        2    0   2,003      90   90    1 01/04/03 21:33:20
     511        2    0   2,003      91   91    1 01/04/03 21:33:29
     511        2    0   2,003      92   92    1 01/04/03 21:33:46
     511        2    0   2,003      93   93    1 01/04/03 21:33:53
     511        2    0   2,003      94   94    1 01/04/03 21:36:53
     511        2    0   2,003      95   95    1 02/04/03 16:44:47
     511        2    0   2,003      96   96    1 02/04/03 16:45:05
     511        2    0   2,003      97   97    1 02/04/03 16:45:14
     511        2    0   2,003      98   98    1 02/04/03 16:45:22
     511        2    0   2,003      99   99    1 02/04/03 16:45:30
     511        2    0   2,003     100  100    1 02/04/03 16:45:42
     511        2    0   2,003     101  101    1 02/04/03 16:45:49
     511        2    0   2,003     102  102    1 02/04/03 16:45:57
     511        2    0   2,003     103  103    1 02/04/03 16:46:05
     511        2    0   2,003     104  104    1 02/04/03 16:46:17
     511        2    0   2,003     105  105    1 02/04/03 20:33:17
     511        2    0   2,003     106  106    1 02/04/03 20:33:34
     511        2    0   2,003     107  107    1 02/04/03 20:33:47
     511        2    0   2,003     108  108    1 03/04/03 17:42:53
     511        2    0   2,003     109  109    1 03/04/03 17:43:10
     511        2    0   2,003     110  110    1 03/04/03 17:43:35
     511        2    0   2,003     111  111    1 03/04/03 17:44:36
     511        2    0   2,003     112  112    1 03/04/03 17:44:47
     511        2    0   2,003     113  113    1 03/04/03 17:44:58
     511        2    0   2,003     114  114    1 03/04/03 17:45:09
     511        2    0   2,003     115  115    1 03/04/03 17:45:21
     511        2    0   2,003     116  116    1 03/04/03 18:47:54
     511        2    0   2,003     117  117    1 03/04/03 18:48:09
     511        2    0   2,003     118  118    1 06/04/03 13:38:59
     511        2    0   2,003     119  119    1 06/04/03 13:39:14
     511        2    0   2,003     120  120    1 06/04/03 13:39:25
     511        2    0   2,003     121  121    1 06/04/03 13:39:39
     511        2    0   2,003     122  122    1 06/04/03 13:39:57
     511        2    0   2,003     123  123    1 06/04/03 13:40:05
     511        2    0   2,003     124  124    1 06/04/03 13:40:14
     511        2    0   2,003     125  125    1 06/04/03 13:40:20
     511        2    0   2,003     126  126    1 06/04/03 13:40:45
     511        2    0   2,003     127  127    1 06/04/03 13:41:22
     511        2    0   2,003     128  128    1 07/04/03 19:59:46
     511        2    0   2,003     129  129    1 07/04/03 19:59:55
     511        2    0   2,003     130  130    1 07/04/03 20:00:03
     511        2    0   2,003     131  131    1 07/04/03 20:00:12
     511        2    0   2,003     132  132    1 07/04/03 20:00:23
     511        2    0   2,003     133  133    1 07/04/03 20:00:31
     511        2    0   2,003     134  134    1 07/04/03 20:00:38
     511        2    0   2,003     135  135    1 07/04/03 20:00:44
     511        2    0   2,003     136  136    1 07/04/03 20:00:55
     511        2    0   2,003     137  137    1 08/04/03 16:32:45
     511        2    0   2,003     138  138    1 08/04/03 16:33:45
     511        2    0   2,003     139  139    1 08/04/03 16:34:09
     511        2    0   2,003     140  140    1 08/04/03 16:37:07
     511        2    0   2,003     141  141    1 08/04/03 16:38:00
     511        2    0   2,003     142  142    1 08/04/03 16:38:22
     511        2    0   2,003     143  143    1 08/04/03 16:38:41
     511        2    0   2,003     144  144    1 09/04/03 17:54:05
     511        2    0   2,003     145  145    1 09/04/03 17:55:00
     511        2    0   2,003     146  146    1 09/04/03 17:56:44
     511        2    0   2,003     147  147    1 09/04/03 17:57:02
     511        2    0   2,003     148  148    1 09/04/03 17:57:22
     511        2    0   2,003     149  149    1 10/04/03 19:32:34
     511        2    0   2,003     150  150    1 10/04/03 19:32:41
     511        2    0   2,003     151  151    1 10/04/03 19:32:48
     511        2    0   2,003     152  152    1 10/04/03 19:33:01
     511        2    0   2,003     153  153    1 10/04/03 19:33:08
     511        2    0   2,003     154  154    1 10/04/03 19:33:15
     511        2    0   2,003     155  155    1 10/04/03 19:33:28
     511        2    0   2,003     156  156    1 10/04/03 19:33:35
     511        2    0   2,003     157  157    1 10/04/03 19:33:48
     511        2    0   2,003     158  158    1 10/04/03 19:33:55
     511        2    0   2,003     159  159    1 10/04/03 19:34:03
     511        2    0   2,003     160  160    1 11/04/03 15:07:24
     511        2    0   2,003     161  161    1 11/04/03 15:07:44
     511        2    0   2,003     162  162    1 11/04/03 15:08:01
     511        2    0   2,003     163  163    1 11/04/03 15:08:18
     511        2    0   2,003     164  164    1 11/04/03 15:08:36
     511        2    0   2,003     165  165    1 11/04/03 15:09:11
     511        2    0   2,003     166  166    1 11/04/03 15:09:32
     511        2    0   2,003     167  167    1 11/04/03 15:10:00
     511        2    0   2,003     168  168    1 11/04/03 15:10:31
     511        2    0   2,003     169  169    1 11/04/03 15:10:53
     511        2    0   2,003     170  170    1 11/04/03 15:11:15
     511        2    0   2,003     171  171    1 11/04/03 15:11:38
     511        2    0   2,003     172  172    1 11/04/03 15:11:55
     511        2    0   2,003     173  173    1 11/04/03 15:12:13
     511        2    0   2,003     174  174    1 11/04/03 15:12:28
     511        2    0   2,003     175  175    1 11/04/03 15:12:46
     511        2    0   2,003     176  176    1 11/04/03 15:13:02
     511        2    0   2,003     177  177    1 12/04/03 17:30:41
     511        2    0   2,003     178  178    1 12/04/03 17:31:05
     511        2    0   2,003     179  179    1 12/04/03 17:31:28
     511        2    0   2,003     180  180    1 14/04/03 15:09:29
     511        2    0   2,003     181  181    1 14/04/03 15:10:02
     511        2    0   2,003     182  182    1 14/04/03 15:10:19
     511        2    0   2,003     183  183    1 14/04/03 15:10:36
     511        2    0   2,003     184  184    1 14/04/03 15:10:54
     511        2    0   2,003     185  185    1 14/04/03 15:11:14
     511        2    0   2,003     186  186    1 15/04/03 14:48:15
     511        2    0   2,003     187  187    1 15/04/03 14:48:48
     511        2    0   2,003     188  188    1 15/04/03 14:48:57
     511        2    0   2,003     189  189    1 15/04/03 14:49:26
     511        2    0   2,003     191  191    1 15/04/03 14:49:41
     511        2    0   2,003     192  192    1 15/04/03 14:49:49
     511        2    0   2,003     193  193    1 15/04/03 14:50:16
     511        2    0   2,003     194  194    1 15/04/03 14:50:29
     511        2    0   2,003     195  195    1 15/04/03 14:50:38
     511        2    0   2,003     196  196    1 15/04/03 14:50:50
     511        2    0   2,003     197  197    1 15/04/03 14:50:59
     511        2    0   2,003     190  190    1 15/04/03 19:07:36
     511        2    0   2,003     198  198    1 16/04/03 15:12:53
     511        2    0   2,003     199  199    1 16/04/03 15:13:11
     511        2    0   2,003     200  200    1 16/04/03 15:13:23
     511        2    0   2,003     201  201    1 16/04/03 15:14:51
     511        2    0   2,003     202  202    1 16/04/03 15:15:17
     511        2    0   2,003     203  203    1 16/04/03 15:16:21
     511        2    0   2,003     204  204    1 16/04/03 15:16:36
     511        2    0   2,003     205  205    1 16/04/03 15:16:44
     511        2    0   2,003     206  206    1 16/04/03 15:16:55
     511        2    0   2,003     207  207    1 16/04/03 15:17:04
     511        2    0   2,003     208  208    1 16/04/03 15:17:26
     511        2    0   2,003     209  209    1 16/04/03 20:32:45
     511        2    0   2,003     210  210    1 16/04/03 20:33:11
     511        2    0   2,003     211  211    1 17/04/03 19:31:10
     511        2    0   2,003     212  212    1 17/04/03 19:33:51
     511        2    0   2,003     214  214    1 17/04/03 19:34:29
     511        2    0   2,003     213  213    1 17/04/03 19:35:11
     511        2    0   2,003     215  215    1 17/04/03 19:35:28
     511        2    0   2,003     216  216    1 17/04/03 19:36:01
     511        2    0   2,003     217  217    1 17/04/03 19:36:13
     511        2    0   2,003     218  218    1 17/04/03 19:36:25
     511        2    0   2,003     219  219    1 17/04/03 19:36:44
     511        2    0   2,003     220  220    1 17/04/03 19:36:55
     511        2    0   2,003     221  221    1 17/04/03 19:37:17
     511        2    0   2,003     222  222    1 17/04/03 19:37:59
     511        2    0   2,003     223  223    1 19/04/03 20:34:46
     511        2    0   2,003     224  224    1 19/04/03 20:35:04
     511        2    0   2,003     225  225    1 19/04/03 20:35:17
     511        2    0   2,003     226  226    1 19/04/03 20:35:30
     511        2    0   2,003     227  227    1 19/04/03 20:35:45
     511        2    0   2,003     228  228    1 19/04/03 20:36:02
     511        2    0   2,003     229  229    1 19/04/03 20:36:17
     511        2    0   2,003     230  230    1 19/04/03 20:36:34
     511        2    0   2,003     231  231    1 19/04/03 20:36:49
     511        2    0   2,003     232  232    1 19/04/03 20:37:16
     511        2    0   2,003     233  233    1 19/04/03 20:37:31
     511        2    0   2,003     234  234    1 19/04/03 20:37:46
     511        2    0   2,003     235  235    1 21/04/03 13:14:38
     511        2    0   2,003     236  236    1 21/04/03 13:14:53
     511        2    0   2,003     237  237    1 21/04/03 13:15:08
     511        2    0   2,003     238  238    1 21/04/03 13:15:21
     511        2    0   2,003     239  239    1 21/04/03 13:15:35
     511        2    0   2,003     240  240    1 21/04/03 13:15:48
     511        2    0   2,003     241  241    1 21/04/03 13:16:07
     511        2    0   2,003     242  242    1 21/04/03 13:16:21
     511        2    0   2,003     243  243    1 21/04/03 13:16:34
     511        2    0   2,003     244  244    1 21/04/03 13:16:51
     511        2    0   2,003     245  245    1 21/04/03 20:16:59
     511        2    0   2,003     246  246    1 21/04/03 20:17:10
     511        2    0   2,003     247  247    1 21/04/03 20:17:25
     511        2    0   2,003     248  248    1 21/04/03 20:17:32
     511        2    0   2,003     249  249    1 21/04/03 20:17:42
     511        2    0   2,003     250  250    1 21/04/03 20:17:52
     511        2    0   2,003     251  251    1 21/04/03 20:17:59
     511        2    0   2,003     252  252    1 22/04/03 20:57:58
     511        2    0   2,003     253  253    1 22/04/03 20:58:09
     511        2    0   2,003     254  254    1 22/04/03 20:58:16
     511        2    0   2,003     255  255    1 22/04/03 20:58:23
     511        2    0   2,003     256  256    1 22/04/03 20:58:31
     511        2    0   2,003     257  257    1 22/04/03 20:58:38
     511        2    0   2,003     258  258    1 22/04/03 20:58:56
     511        2    0   2,003     259  259    1 22/04/03 20:59:03
     511        2    0   2,003     261  261    1 22/04/03 20:59:13
     511        2    0   2,003     262  262    1 22/04/03 20:59:27
     511        2    0   2,003     260  260    1 22/04/03 21:00:24
     511        2    0   2,003     263  263    1 23/04/03 13:13:14
     511        2    0   2,003     264  264    1 23/04/03 13:13:24
     511        2    0   2,003     265  265    1 23/04/03 13:13:32
     511        2    0   2,003     266  266    1 23/04/03 13:13:40
     511        2    0   2,003     267  267    1 23/04/03 13:13:48
     511        2    0   2,003     268  268    1 23/04/03 13:13:57
     511        2    0   2,003     269  269    1 23/04/03 13:14:05
     511        2    0   2,003     270  270    1 23/04/03 13:14:13
     511        2    0   2,003     271  271    1 23/04/03 13:14:21
     511        2    0   2,003     272  272    1 23/04/03 13:14:29
     511        2    0   2,003     273  273    1 23/04/03 13:14:37
     511        2    0   2,003     274  274    1 23/04/03 20:33:50
     511        2    0   2,003     275  275    1 23/04/03 20:34:08
     511        2    0   2,003     276  276    1 23/04/03 20:34:20
     511        2    0   2,003     277  277    1 23/04/03 20:34:58
     511        2    0   2,003     278  278    1 23/04/03 20:35:09
     511        2    0   2,003     279  279    1 24/04/03 20:37:52
     511        2    0   2,003     280  280    1 24/04/03 20:38:04
     511        2    0   2,003     281  281    1 24/04/03 20:38:11
     511        2    0   2,003     282  282    1 24/04/03 20:38:21
     511        2    0   2,003     283  283    1 24/04/03 20:38:30
     511        2    0   2,003     284  284    1 24/04/03 20:38:38
     511        2    0   2,003     285  285    1 24/04/03 20:38:46
     511        2    0   2,003     286  286    1 24/04/03 20:38:55
     511        2    0   2,003     287  287    1 24/04/03 20:39:02
     511        2    0   2,003     288  288    1 24/04/03 20:39:10
     511        2    0   2,003     289  289    1 24/04/03 20:39:18
     511        2    0   2,003     290  290    1 24/04/03 20:39:28
     511        2    0   2,003     291  291    1 24/04/03 20:39:40
     511        2    0   2,003     292  292    1 24/04/03 20:39:51
     511        2    0   2,003     294  294    1 24/04/03 20:40:04
     511        2    0   2,003     293  293    1 24/04/03 20:40:27
     511        2    0   2,003     295  295    1 25/04/03 11:26:04
     511        2    0   2,003     296  296    1 25/04/03 11:26:22
     511        2    0   2,003     297  297    1 25/04/03 11:26:37
     511        2    0   2,003     298  298    1 25/04/03 11:26:54
     511        2    0   2,003     299  299    1 25/04/03 11:27:07
     511        2    0   2,003     300  300    1 25/04/03 11:27:21
     511        2    0   2,003     301  301    1 25/04/03 11:27:36
     511        2    0   2,003     302  302    1 25/04/03 11:27:51
     511        2    0   2,003     303  303    1 25/04/03 21:27:08
     511        2    0   2,003     304  304    1 25/04/03 21:27:19
     511        2    0   2,003     305  305    1 25/04/03 21:27:29
     511        2    0   2,003     306  306    1 25/04/03 21:27:36
     511        2    0   2,003     307  307    1 25/04/03 21:27:45
     511        2    0   2,003     308  308    1 25/04/03 21:27:53
     511        2    0   2,003     309  309    1 25/04/03 21:28:02
     511        2    0   2,003     310  310    1 25/04/03 21:28:11
     511        2    0   2,003     311  311    1 25/04/03 21:28:21
     511        2    0   2,003     312  312    1 25/04/03 21:28:37
     511        2    0   2,003     313  313    1 26/04/03 12:46:42
     511        2    0   2,003     314  314    1 26/04/03 12:47:07
     511        2    0   2,003     315  315    1 26/04/03 12:50:38
     511        2    0   2,003     316  316    1 26/04/03 12:50:58
     511        2    0   2,003     317  317    1 26/04/03 20:21:43
     511        2    0   2,003     318  318    1 26/04/03 20:21:51
     511        2    0   2,003     319  319    1 26/04/03 20:21:59
     511        2    0   2,003     320  320    1 26/04/03 20:22:06
     511        2    0   2,003     321  321    1 26/04/03 20:22:15
     511        2    0   2,003     322  322    1 26/04/03 20:22:23
     511        2    0   2,003     323  323    1 26/04/03 20:22:40
     511        2    0   2,003     324  324    1 26/04/03 20:22:47
     511        2    0   2,003     325  325    1 26/04/03 20:23:00
     511        2    0   2,003     326  326    1 26/04/03 20:23:07
     511        2    0   2,003     327  327    1 26/04/03 20:23:15
     511        2    0   2,003     328  328    1 28/04/03 15:34:13
     511        2    0   2,003     329  329    1 28/04/03 15:35:42
     511        2    0   2,003     330  330    1 28/04/03 15:40:27
     511        2    0   2,003     331  331    1 28/04/03 15:41:44
     511        2    0   2,003     332  332    1 28/04/03 15:42:45
     511        2    0   2,003     333  333    1 28/04/03 15:43:43
     511        2    0   2,003     334  334    1 28/04/03 15:44:32
     511        2    0   2,003     335  335    1 29/04/03 19:17:22
     511        2    0   2,003     336  336    1 29/04/03 19:17:30
     511        2    0   2,003     337  337    1 29/04/03 19:17:37
     511        2    0   2,003     338  338    1 29/04/03 19:17:45
     511        2    0   2,003     339  339    1 29/04/03 19:17:54
     511        2    0   2,003     340  340    1 29/04/03 19:18:02
     511        2    0   2,003     341  341    1 30/04/03 17:04:36
     511        2    0   2,003     342  342    1 30/04/03 17:05:01
     511        2    0   2,003     343  343    1 30/04/03 17:05:17
     511        2    0   2,003     344  344    1 30/04/03 17:05:34
     511        2    0   2,003     345  345    1 30/04/03 17:06:40
     511        2    0   2,003     346  346    1 02/05/03 15:51:56
     511        2    0   2,003     347  347    1 02/05/03 15:52:27
     511        2    0   2,003     348  348    1 02/05/03 15:52:48
     511        2    0   2,003     349  349    1 02/05/03 15:55:03
     511        2    0   2,003     350  350    1 02/05/03 15:55:38
     511        2    0   2,003     351  351    1 02/05/03 15:56:20
     511        2    0   2,003     352  352    1 02/05/03 15:56:50
     511        2    0   2,003     353  353    1 02/05/03 15:57:30
     511        2    0   2,003     354  354    1 05/05/03 17:29:18
     511        2    0   2,003     355  355    1 05/05/03 17:30:03
     511        2    0   2,003     356  356    1 05/05/03 17:30:27
     511        2    0   2,003     357  357    1 05/05/03 17:30:58
     511        2    0   2,003     358  358    1 05/05/03 17:31:30
     511        2    0   2,003     359  359    1 05/05/03 17:31:57
     511        2    0   2,003     360  360    1 05/05/03 17:32:23
     511        2    0   2,003     361  361    1 05/05/03 17:32:50
     511        2    0   2,003     362  362    1 05/05/03 17:33:12
     511        2    0   2,003     363  363    1 05/05/03 17:33:39
     511        2    0   2,003     364  364    1 05/05/03 17:34:24
     511        2    0   2,003     365  365    1 05/05/03 20:55:55
     511        2    0   2,003     366  366    1 05/05/03 20:56:17
     511        2    0   2,003     367  367    1 05/05/03 20:56:33
                                            ----
                                             425                   TOTAL
     514        8  605       0       1   86   86 12/04/03 16:30:34
     514        8  605       0       1    1    1 17/04/03 17:59:56
     514        8  606       0       1   49   49 14/04/03 20:53:27
     514        8  606       0       1    1    1 17/04/03 18:00:33
     514        8  106   2,002       1   64   64 20/12/02 17:43:21
                                            ----
                                             201                   TOTAL
     517        6  573   2,002       1   82   82 03/05/03 17:30:27
     517        6  582   2,002       1   80   80 03/05/03 17:19:04
                                            ----
                                             162                   TOTAL
     518        8  558       0       5    5    1 25/03/03 19:08:56
     518        8  575       0       1    1    1 29/04/03 19:40:02
     518        8  577       0       1    2    2 10/04/03 14:23:55
     518        8  577       0       1    1    1 10/04/03 14:21:57
     518        8  577       0       1    1    1 29/04/03 19:46:11
     518        8  579       0       1    5    5 14/03/03 16:08:32
     518        8  579       0       1    3    3 21/03/03 15:29:02
     518        8  580       0       4    7    4 21/03/03 15:37:43
     518        8  581       0       1    2    2 29/04/03 15:59:15
     518        8  583       0       1    3    3 29/04/03 15:55:49
     518        8  584       0       1    3    3 25/03/03 19:13:06
     518        8  584       0       1    1    1 25/03/03 19:13:45
     518        8  585       0       2    5    4 26/03/03 20:18:19
     518        8  586       0       1    8    8 09/04/03 15:20:34
     518        8  587       0       1    3    3 02/05/03 16:50:19
     518        8  587       0       1    1    1 05/05/03 17:27:55
     518        8  600       0       1    1    1 10/04/03 14:11:21
     518        8  605       0       1    4    4 04/05/03 11:46:05
     518        8  606       0       1    3    3 06/05/03 15:58:01
     518        8  511   2,002       1    2    2 30/12/02 11:40:30
     518        8  518   2,002       2    3    2 29/12/02 11:40:51
     518        8  518   2,002       1    1    1 29/12/02 11:41:27
     518        8  518   2,002       1    1    1 29/12/02 11:42:00
     518        8  547   2,002       3    3    1 30/12/02 11:44:10
     518        8  547   2,002       1    1    1 26/10/02 15:53:28
     518        8  555   2,002       1    2    2 20/11/02 19:23:38
     518        8  559   2,002       3    4    2 23/11/02 11:14:17
     518        8  563   2,002       3    5    3 23/11/02 11:15:18
     518        8  564   2,002       1    1    1 29/12/02 11:55:23
     518        8  568   2,002       3    5    3 19/12/02 15:50:30
     518        8  568   2,002       1    1    1 19/12/02 15:50:50
     518        8  568   2,002       1    3    3 22/12/02 11:06:59
     518        8  572   2,002       5    9    5 02/01/03 14:07:14
     518        8  572   2,002       1    1    1 02/01/03 14:06:57
     518        8  574   2,002       1    3    3 29/12/02 12:00:42
     518        8  581   2,002       1    2    2 05/02/03 17:05:26
     518        8  581   2,002       1    1    1 06/02/03 15:49:58
     518        8  571   2,003       2    2    1 03/01/03 08:58:03
     518        8  571   2,003       1    1    1 03/01/03 08:58:45
                                            ----
                                              88                   TOTAL
     520        8  543       0       1    2    2 29/04/03 15:54:35
     520        8  543       0       1    1    1 29/04/03 15:55:06
     520        8  546       0       2    2    1 11/03/03 15:15:41
     520        8  548       0       1    1    1 29/04/03 15:43:51
     520        8  577       0       1    1    1 10/03/03 17:55:22
     520        8  577       0       1    1    1 10/03/03 17:56:33
     520        8  581       0       1    1    1 29/04/03 16:00:13
     520        8  582       0       1    4    4 07/03/03 17:51:56
     520        8  583       0       1    1    1 29/04/03 15:56:30
     520        8  583       0       1    1    1 29/04/03 15:57:13
     520        8  605       0       1    1    1 04/05/03 11:48:23
     520        8  605       0       1    2    2 05/05/03 17:26:25
     520        8  606       0       1    3    3 06/05/03 15:58:29
     520        8  606       0       1    1    1 06/05/03 15:59:32
                                            ----
                                              21                   TOTAL
     521        1   27   2,002      10   22   13 01/10/02 04:50:13
     521        1 1072   2,002       1    2    2 12/09/02 01:07:20
     521        1 1073   2,002       1    3    3 12/09/02 19:08:27
     521        1 1074   2,002       1   13   13 03/02/03 11:05:11
     521        1 1076   2,002       1    1    1 18/09/02 07:19:25
     521        1 1077   2,002       1    1    1 18/09/02 00:56:45
     521        1 1080   2,002       1   16   16 19/10/02 12:35:07
     521        1 1089   2,002       1    4    4 12/12/02 13:47:50
     521        1 1090   2,002       1    4    4 18/12/02 16:56:57
     521        1 1000   2,003       1   22   22 07/03/03 10:09:47
     521        1 1001   2,003       1   19   19 08/03/03 21:57:23
     521        1 1002   2,003       1   46   46 13/03/03 08:26:51
     521        1 1004   2,003       5    5    1 18/03/03 03:49:21
     521        1 1015   2,003       1   84   84 02/04/03 01:18:33
     521        1 1016   2,003       1   88   88 03/04/03 09:53:42
     521        1 1017   2,003       1   74   74 03/04/03 22:25:08
     521        1 1018   2,003       1   69   69 06/04/03 20:08:18
     521        1 1018   2,003       1   68   68 07/04/03 19:56:59
     521        1 1019   2,003       1   62   62 07/04/03 22:37:36
     521        1 1020   2,003      45   47    3 09/04/03 02:31:32
     521        1 1021   2,003      15   32   18 09/04/03 18:07:36
     521        1 1022   2,003       1   90   90 11/04/03 08:47:58
     521        1 1023   2,003       1   86   86 11/04/03 22:32:01
     521        1 1024   2,003       1   52   52 13/04/03 04:07:10
     521        1 1025   2,003       1   40   40 14/04/03 20:25:38
     521        1 1026   2,003       1   90   90 15/04/03 23:00:57
     521        1 1027   2,003       1   95   95 17/04/03 11:37:29
     521        1 1028   2,003       1   56   56 17/04/03 18:03:31
     521        1 1029   2,003       1   35   35 17/04/03 22:14:43
     521        1 1030   2,003       1   87   87 20/04/03 03:04:38
     521        1 1031   2,003       1  111  111 22/04/03 05:01:46
     521        1 1032   2,003       1  111  111 22/04/03 20:20:18
     521        1 1033   2,003       1   89   89 23/04/03 20:48:46
     521        1 1034   2,003       1   20   20 23/04/03 21:07:29
     521        1 1035   2,003       1   90   90 24/04/03 20:47:25
     521        1 1036   2,003       1   21   21 24/04/03 21:32:33
     521        1 1037   2,003       1   44   44 25/04/03 18:39:15
     521        1 1038   2,003       1   54   54 26/04/03 13:41:44
     521        1 1039   2,003       1   70   70 26/04/03 20:16:37
     521        1 1040   2,003       1   27   27 26/04/03 21:04:33
     521        1 1042   2,003      24   25    2 29/04/03 16:37:12
     521        1 1043   2,003       1   33   33 02/05/03 09:00:30
     521        1 1044   2,003       1   40   40 02/05/03 17:49:29
     521        1 1045   2,003       1   71   71 05/05/03 21:52:52
     521        1 1046   2,003       1   36   36 06/05/03 02:32:42
     521        1 1047   2,003       1   62   62 06/05/03 05:22:33
                                            ----
                                            2123                   TOTAL
     524        4  502   2,003       1    3    3 26/02/03 04:58:38
                                            ----
                                               3                   TOTAL
     532        1 1070   2,002       1   10   10 30/12/02 11:37:20
     532        1 1007   2,003       1   69   69 02/05/03 18:56:51
     532        1 1291   2,003       1   18   18 04/05/03 20:29:54
     532        1 1292   2,003       1    5    5 04/05/03 20:30:34
     532        1 1293   2,003       1    8    8 04/05/03 20:31:03
     532        1 1294   2,003       1    4    4 05/05/03 01:39:04
     532        1 1295   2,003       1   16   16 05/05/03 08:12:20
     532        1 1296   2,003       1   12   12 05/05/03 12:07:26
     532        1 1297   2,003       1    8    8 05/05/03 14:39:18
     532        1 1298   2,003       1    5    5 05/05/03 17:47:15
     532        1 1299   2,003       1    5    5 06/05/03 00:05:33
     532        1 1300   2,003       1    8    8 06/05/03 12:14:46
     532        1 1301   2,003       1   12   12 06/05/03 14:53:53
                                            ----
                                             180                   TOTAL
     534        4  317   2,001       1   11   11 20/11/01 23:40:33
     534        4  320   2,003       1    3    3 04/05/03 06:53:16
     534        4  524   2,003       1    7    7 05/05/03 01:36:37
     534        4  414   2,201       1    4    4 06/12/01 09:01:36
                                            ----
                                              25                   TOTAL
     535        5  320   2,003       1    4    4 04/05/03 06:54:18
     535        5  524   2,003       1    4    4 05/05/03 01:50:50
                                            ----
                                               8                   TOTAL
     571        2    0   2,002     166  166    1 09/09/02 09:12:52
     571        2    0   2,003       3    3    1 29/03/03 17:39:13
     571        2    0   2,003       1    1    1 30/03/03 09:35:31
     571        2    0   2,003       2    2    1 30/03/03 09:36:08
     571        2    0   2,003       4    4    1 03/04/03 06:36:27
     571        2    0   2,003       5    5    1 07/04/03 08:58:03
     571        2    0   2,003       6    6    1 11/04/03 16:32:26
     571        2    0   2,003       7    7    1 16/04/03 12:00:07
     571        2    0   2,003       8    8    1 19/04/03 19:35:56
     571        2    0   2,003       9    9    1 23/04/03 12:31:01
     571        2    0   2,003      10   10    1 26/04/03 09:54:06
     571        2    0   2,003      11   11    1 05/05/03 14:16:45
                                            ----
                                              12                   TOTAL
     581        2    0   2,002     312  312    1 21/06/02 10:38:27
     581        2    0   2,002     313  313    1 21/06/02 10:38:40
     581        2    0   2,002     314  314    1 21/06/02 10:38:56
     581        2    0   2,002       1    1    1 27/09/02 17:55:17
     581        2    0   2,002     788  788    1 26/10/02 09:27:04
     581        2    0   2,002     789  789    1 26/10/02 14:18:03
     581        2    0   2,002     790  790    1 30/10/02 04:29:46
     581        2    0   2,002     791  791    1 31/10/02 00:07:32
     581        2    0   2,002     792  792    1 01/11/02 09:22:15
     581        2    0   2,002     793  793    1 02/11/02 18:45:49
     581        2    0   2,002     794  794    1 08/11/02 06:19:55
     581        2    0   2,002     795  795    1 09/11/02 16:55:45
     581        2    0   2,002     796  796    1 15/11/02 18:27:55
     581        2    0   2,002     797  797    1 19/11/02 00:37:28
     581        2    0   2,002     798  798    1 19/11/02 19:15:42
     581        2    0   2,002     799  799    1 20/11/02 03:09:23
     581        2    0   2,002     800  800    1 21/11/02 01:25:23
     581        2    0   2,002     801  801    1 21/11/02 03:16:09
     581        2    0   2,002     802  802    1 22/11/02 08:12:04
     581        2    0   2,002     803  803    1 22/11/02 12:38:02
     581        2    0   2,002     804  804    1 26/11/02 08:49:25
     581        2    0   2,002     805  805    1 27/11/02 19:33:45
     581        2    0   2,002     806  806    1 28/11/02 22:33:24
     581        2    0   2,002     807  807    1 30/11/02 00:19:38
     581        2    0   2,002     808  808    1 04/12/02 17:38:35
     581        2    0   2,002     809  809    1 05/12/02 12:39:23
     581        2    0   2,002     810  810    1 06/12/02 10:38:42
     581        2    0   2,002     811  811    1 12/12/02 13:16:54
     581        2    0   2,002     812  812    1 14/12/02 09:56:00
     581        2    0   2,002     813  813    1 14/12/02 22:43:03
     581        2    0   2,002     814  814    1 17/12/02 00:25:19
     581        2    0   2,002     815  815    1 21/12/02 17:57:00
     581        2    0   2,002     816  816    1 22/12/02 12:56:47
     581        2    0   2,002     817  817    1 26/12/02 12:35:54
     581        2    0   2,002     818  818    1 27/12/02 11:10:50
     581        2    0   2,002     920  920    1 29/12/02 07:56:32
     581        2    0   2,003       1    1    1 04/02/03 02:30:27
     581        2    0   2,003       3    3    1 05/02/03 23:59:32
     581        2    0   2,003       2    2    1 06/02/03 00:01:39
     581        2    0   2,003       4    4    1 07/02/03 03:19:34
     581        2    0   2,003       5    5    1 08/02/03 09:43:08
     581        2    0   2,003       6    6    1 09/02/03 04:26:13
     581        2    0   2,003       7    7    1 10/02/03 06:33:00
     581        2    0   2,003       8    8    1 11/02/03 19:56:34
     581        2    0   2,003       9    9    1 12/02/03 12:06:28
     581        2    0   2,003      10   10    1 13/02/03 16:04:37
     581        2    0   2,003      11   11    1 14/02/03 15:03:25
     581        2    0   2,003      12   12    1 15/02/03 07:28:44
     581        2    0   2,003      13   13    1 15/02/03 20:22:58
     581        2    0   2,003      14   14    1 17/02/03 03:14:17
     581        2    0   2,003      15   15    1 17/02/03 21:21:24
     581        2    0   2,003      16   16    1 18/02/03 20:19:41
     581        2    0   2,003      17   17    1 20/02/03 20:23:26
     581        2    0   2,003      18   18    1 23/02/03 10:33:02
     581        2    0   2,003      19   19    1 23/02/03 11:47:20
     581        2    0   2,003      20   20    1 24/02/03 23:50:48
     581        2    0   2,003      21   21    1 25/02/03 03:25:10
     581        2    0   2,003      22   22    1 25/02/03 16:40:37
     581        2    0   2,003      23   23    1 27/02/03 00:01:01
     581        2    0   2,003      24   24    1 27/02/03 23:19:29
     581        2    0   2,003      26   26    1 01/03/03 04:50:15
     581        2    0   2,003      27   27    1 01/03/03 16:00:16
     581        2    0   2,003      28   28    1 05/03/03 08:58:49
     581        2    0   2,003      29   29    1 05/03/03 15:55:41
     581        2    0   2,003      30   30    1 06/03/03 07:29:19
     581        2    0   2,003      31   31    1 07/03/03 13:42:15
     581        2    0   2,003      32   32    1 08/03/03 08:58:01
     581        2    0   2,003      33   33    1 09/03/03 15:19:32
     581        2    0   2,003      34   34    1 12/03/03 13:23:33
     581        2    0   2,003      35   35    1 13/03/03 07:56:45
     581        2    0   2,003      36   36    1 14/03/03 10:38:00
     581        2    0   2,003      37   37    1 15/03/03 08:23:50
     581        2    0   2,003      38   38    1 15/03/03 11:47:45
     581        2    0   2,003      39   39    1 15/03/03 20:05:03
     581        2    0   2,003      40   40    1 16/03/03 13:43:55
     581        2    0   2,003      41   41    1 18/03/03 03:54:46
     581        2    0   2,003      43   43    1 19/03/03 20:34:19
     581        2    0   2,003      44   44    1 21/03/03 08:06:34
     581        2    0   2,003      45   45    1 21/03/03 13:22:34
     581        2    0   2,003      46   46    1 21/03/03 17:45:28
     581        2    0   2,003      51   51    1 22/03/03 13:13:42
     581        2    0   2,003      47   47    1 22/03/03 16:20:20
     581        2    0   2,003      48   48    1 22/03/03 16:20:57
     581        2    0   2,003      49   49    1 22/03/03 16:21:29
     581        2    0   2,003      54   54    1 23/03/03 00:39:37
     581        2    0   2,003      55   55    1 23/03/03 13:16:34
     581        2    0   2,003      56   56    1 23/03/03 20:33:22
     581        2    0   2,003      57   57    1 24/03/03 01:41:16
     581        2    0   2,003      58   58    1 24/03/03 15:32:54
     581        2    0   2,003      59   59    1 24/03/03 21:18:24
     581        2    0   2,003      60   60    1 25/03/03 07:39:54
     581        2    0   2,003      61   61    1 25/03/03 15:04:55
     581        2    0   2,003      62   62    1 26/03/03 09:08:21
     581        2    0   2,003      66   66    1 27/03/03 10:40:20
     581        2    0   2,003      67   67    1 27/03/03 11:15:34
     581        2    0   2,003      68   68    1 27/03/03 19:07:28
     581        2    0   2,003      52   52    1 27/03/03 19:11:06
     581        2    0   2,003      53   53    1 27/03/03 19:11:25
     581        2    0   2,003      63   63    1 27/03/03 19:13:51
     581        2    0   2,003      64   64    1 27/03/03 19:15:36
     581        2    0   2,003      65   65    1 27/03/03 19:15:53
     581        2    0   2,003      69   69    1 27/03/03 21:42:55
     581        2    0   2,003      70   70    1 28/03/03 05:02:47
     581        2    0   2,003      71   71    1 28/03/03 07:13:47
     581        2    0   2,003      72   72    1 28/03/03 12:46:56
     581        2    0   2,003      73   73    1 28/03/03 14:39:56
     581        2    0   2,003      74   74    1 29/03/03 11:47:45
     581        2    0   2,003      75   75    1 29/03/03 13:10:39
     581        2    0   2,003      76   76    1 29/03/03 17:39:49
     581        2    0   2,003      77   77    1 29/03/03 20:24:38
     581        2    0   2,003      78   78    1 30/03/03 09:30:42
     581        2    0   2,003      79   79    1 30/03/03 18:39:49
     581        2    0   2,003      80   80    1 01/04/03 12:14:30
     581        2    0   2,003      81   81    1 01/04/03 19:10:31
     581        2    0   2,003      82   82    1 02/04/03 12:34:54
     581        2    0   2,003      83   83    1 02/04/03 18:40:40
     581        2    0   2,003      84   84    1 03/04/03 06:33:54
     581        2    0   2,003      85   85    1 03/04/03 11:41:36
     581        2    0   2,003      86   86    1 03/04/03 17:45:57
     581        2    0   2,003      87   87    1 04/04/03 08:16:04
     581        2    0   2,003      88   88    1 04/04/03 17:22:36
     581        2    0   2,003      89   89    1 04/04/03 20:33:58
     581        2    0   2,003      90   90    1 05/04/03 02:45:36
     581        2    0   2,003      91   91    1 06/04/03 13:43:38
     581        2    0   2,003      92   92    1 06/04/03 13:43:58
     581        2    0   2,003      93   93    1 06/04/03 13:44:29
     581        2    0   2,003      95   95    1 06/04/03 19:22:15
     581        2    0   2,003      94   94    1 07/04/03 08:57:09
     581        2    0   2,003      96   96    1 07/04/03 12:50:05
     581        2    0   2,003      97   97    1 07/04/03 17:07:55
     581        2    0   2,003      98   98    1 07/04/03 19:57:56
     581        2    0   2,003      99   99    1 08/04/03 07:17:19
     581        2    0   2,003     100  100    1 08/04/03 15:42:16
     581        2    0   2,003     101  101    1 08/04/03 16:52:40
     581        2    0   2,003     102  102    1 09/04/03 10:54:19
     581        2    0   2,003     103  103    1 09/04/03 12:49:14
     581        2    0   2,003     104  104    1 09/04/03 21:45:32
     581        2    0   2,003     105  105    1 10/04/03 03:38:11
     581        2    0   2,003     106  106    1 10/04/03 10:52:25
     581        2    0   2,003     107  107    1 10/04/03 13:16:59
     581        2    0   2,003     108  108    1 10/04/03 19:31:19
     581        2    0   2,003     109  109    1 11/04/03 12:04:04
     581        2    0   2,003     110  110    1 11/04/03 16:31:18
     581        2    0   2,003     111  111    1 12/04/03 00:28:47
     581        2    0   2,003     112  112    1 12/04/03 04:54:35
     581        2    0   2,003     113  113    1 12/04/03 11:46:05
     581        2    0   2,003     114  114    1 12/04/03 13:14:48
     581        2    0   2,003     115  115    1 13/04/03 11:14:34
     581        2    0   2,003     116  117    2 13/04/03 20:10:07
     581        2    0   2,003     118  118    1 14/04/03 12:06:35
     581        2    0   2,003     119  119    1 14/04/03 13:15:30
     581        2    0   2,003     120  120    1 15/04/03 04:33:01
     581        2    0   2,003     121  121    1 15/04/03 11:34:03
     581        2    0   2,003     122  122    1 15/04/03 16:20:50
     581        2    0   2,003     123  123    1 15/04/03 20:35:15
     581        2    0   2,003     124  124    1 16/04/03 05:36:42
     581        2    0   2,003     125  125    1 16/04/03 11:20:01
     581        2    0   2,003     126  126    1 16/04/03 15:46:38
     581        2    0   2,003     127  127    1 16/04/03 18:43:03
     581        2    0   2,003     128  128    1 17/04/03 09:23:23
     581        2    0   2,003     129  129    1 17/04/03 14:18:36
     581        2    0   2,003     130  130    1 17/04/03 14:19:18
     581        2    0   2,003     131  131    1 19/04/03 09:33:01
     581        2    0   2,003     132  132    1 19/04/03 14:39:49
     581        2    0   2,003     133  133    1 21/04/03 04:30:07
     581        2    0   2,003     134  134    1 21/04/03 08:28:35
     581        2    0   2,003     135  135    1 21/04/03 11:32:29
     581        2    0   2,003     136  136    1 21/04/03 13:12:47
     581        2    0   2,003     137  137    1 22/04/03 08:29:48
     581        2    0   2,003     138  138    1 22/04/03 08:34:25
     581        2    0   2,003     139  139    1 22/04/03 14:40:10
     581        2    0   2,003     140  140    1 23/04/03 03:48:34
     581        2    0   2,003     141  141    1 23/04/03 08:41:56
     581        2    0   2,003     142  142    1 23/04/03 12:31:52
     581        2    0   2,003     143  143    1 23/04/03 17:38:55
     581        2    0   2,003     144  144    1 23/04/03 23:22:15
     581        2    0   2,003     145  145    1 24/04/03 11:29:49
     581        2    0   2,003     146  146    1 24/04/03 18:55:28
     581        2    0   2,003     147  147    1 25/04/03 09:09:24
     581        2    0   2,003     148  148    1 25/04/03 17:15:16
     581        2    0   2,003     149  149    1 26/04/03 09:11:21
     581        2    0   2,003     150  150    1 26/04/03 09:49:25
     581        2    0   2,003     151  151    1 26/04/03 13:29:10
     581        2    0   2,003     152  152    1 28/04/03 13:16:56
     581        2    0   2,003     153  153    1 28/04/03 22:21:17
     581        2    0   2,003     154  154    1 30/04/03 16:43:36
     581        2    0   2,003     155  155    1 05/05/03 00:59:08
     581        2    0   2,003     156  156    1 05/05/03 03:35:52
     581        2    0   2,003     157  157    1 05/05/03 08:03:33
     581        2    0   2,003     158  158    1 05/05/03 12:06:04
     581        2    0   2,003     159  159    1 05/05/03 12:21:43
     581        2    0   2,003     160  160    1 05/05/03 16:09:15
     581        2    0   2,003     161  161    1 05/05/03 20:35:22
     581        2    0   2,003     162  162    1 06/05/03 11:35:33
     581        2    0   2,003     163  163    1 06/05/03 11:35:59
     581        2    0   2,003     164  164    1 06/05/03 16:35:03
                                            ----
                                             197                   TOTAL
     582        2    0   2,002     132  132    1 06/09/02 10:54:05
     582        2    0   2,002     133  133    1 09/09/02 09:17:20
     582        2    0   2,002     134  134    1 09/09/02 09:17:49
     582        2    0   2,002     135  135    1 09/09/02 09:19:06
     582        2    0   2,002     136  136    1 09/09/02 09:19:27
     582        2    0   2,002     137  137    1 30/09/02 10:45:38
     582        2    0   2,002     138  138    1 30/09/02 10:46:35
     582        2    0   2,002     139  139    1 30/09/02 10:47:46
     582        2    0   2,002     140  140    1 30/09/02 10:48:33
     582        2    0   2,002     141  141    1 30/09/02 10:53:53
     582        2    0   2,002     142  142    1 30/09/02 10:54:50
     582        2    0   2,002     143  143    1 30/09/02 10:55:33
     582        2    0   2,002     144  144    1 30/09/02 10:56:29
     582        2    0   2,002     145  145    1 30/09/02 10:57:12
     582        2    0   2,002     146  146    1 30/09/02 10:58:04
     582        2    0   2,002     147  147    1 30/09/02 10:59:01
     582        2    0   2,002     148  148    1 30/09/02 10:59:30
     582        2    0   2,002     149  149    1 30/09/02 11:00:12
     582        2    0   2,002     150  150    1 30/09/02 11:00:53
     582        7  157   2,002       1    1    1 30/01/03 10:48:22
     582        7  165   2,002       1    1    1 30/01/03 10:49:57
     582        7  166   2,002       1    1    1 30/01/03 10:51:54
     582        7  168   2,002       1    1    1 30/01/03 10:53:35
     582        7  169   2,002       1    1    1 30/01/03 10:56:18
     582        7  170   2,002       1    1    1 30/01/03 10:57:27
                                            ----
                                              25                   TOTAL
     711        1    1   2,001       7   24   18 09/01/02 12:35:50
     711        1    2   2,001       1   60   60 02/04/02 13:03:38
     711        1    1   2,002       1    1    1 05/06/02 16:00:11
     711        1    2   2,002       1    1    1 06/06/02 11:21:16
     711        1    3   2,002       1    1    1 06/06/02 11:21:38
     711        1    4   2,002       1    1    1 06/06/02 11:21:59
     711        1    5   2,002       1    1    1 06/06/02 11:22:23
     711        1    6   2,002       1    1    1 06/06/02 11:22:38
     711        1    7   2,002       1    1    1 06/06/02 11:22:57
     711        1    8   2,002       1    1    1 06/06/02 11:23:31
     711        1    9   2,002       1    1    1 06/06/02 11:23:49
     711        1   10   2,002       1    1    1 06/06/02 11:24:23
     711        1   11   2,002       1    1    1 06/06/02 11:24:43
     711        1   12   2,002       1    1    1 06/06/02 11:25:33
     711        1   13   2,002       1    1    1 06/06/02 11:26:41
     711        1   14   2,002       1    1    1 06/06/02 11:27:03
     711        1   15   2,002       1    1    1 06/06/02 11:27:22
     711        1   16   2,002       1    1    1 06/06/02 11:27:40
     711        1   17   2,002       1    1    1 06/06/02 11:28:04
     711        1   18   2,002       1    1    1 06/06/02 11:28:22
     711        1   19   2,002       1    1    1 06/06/02 11:28:40
     711        1   22   2,002       1    1    1 24/06/02 09:46:04
     711        1   23   2,002       1    1    1 24/06/02 09:47:49
     711        1   24   2,002       1    1    1 24/06/02 09:48:59
     711        1   25   2,002       1    1    1 24/06/02 09:49:47
     711        1   26   2,002       1    1    1 24/06/02 09:50:35
     711        1   27   2,002       1    1    1 24/06/02 09:51:17
     711        1   28   2,002       1    1    1 24/06/02 09:51:53
     711        1   29   2,002       1    1    1 24/06/02 09:52:27
     711        1   30   2,002       1    1    1 24/06/02 09:53:10
     711        1   31   2,002       1    1    1 24/06/02 09:53:57
     711        1   32   2,002       1    1    1 24/06/02 09:55:15
     711        1   34   2,002       1    1    1 25/06/02 06:50:06
     711        1   35   2,002       1    5    5 31/07/02 14:48:18
     711        1   36   2,002       1    1    1 26/06/02 08:46:53
     711        1   39   2,002       1    1    1 31/07/02 14:35:49
     711        1   40   2,002       1    1    1 31/07/02 14:37:52
     711        1   41   2,002       1    1    1 31/07/02 14:43:06
     711        1   42   2,002       1    1    1 31/07/02 14:41:31
     711        1   43   2,002       1    1    1 13/08/02 01:09:57
     711        1   45   2,002       1    1    1 26/08/02 11:27:53
     711        1   47   2,002       1    6    6 28/08/02 11:18:21
     711        1   48   2,002       1    5    5 30/08/02 06:56:57
     711        1   49   2,002       1    5    5 07/09/02 05:46:01
     711        1   50   2,002       1    1    1 01/09/02 12:52:03
     711        1   51   2,002       1    4    4 24/09/02 00:58:44
     711        1   52   2,002       1    1    1 05/09/02 22:07:53
                                            ----
                                             143                   TOTAL
     741        7  114   2,001       1    5    5 29/12/02 10:48:48
     741        7   93   2,002       1    5    5 29/12/02 12:37:58
     741        7  116   2,002       1    5    5 29/12/02 10:52:29
     741        7  117   2,002       1    2    2 29/12/02 10:53:20
     741        7    5   2,003       1    5    5 02/04/03 19:34:58
     741        7    6   2,003       1    5    5 03/04/03 16:36:29
     741        7    7   2,003       1    5    5 03/04/03 20:50:46
     741        7    8   2,003       1    5    5 20/04/03 12:11:47
     741        7    9   2,003       1    5    5 11/04/03 17:49:04
                                            ----
                                              42                   TOTAL
     743        2    0   2,000       1    1    1 21/03/02 16:28:32
     743        2    0   2,000       2    2    1 21/03/02 16:33:12
     743        2    0   2,000       3    3    1 21/03/02 16:33:26
     743        2    0   2,000       4    4    1 21/03/02 16:33:33
     743        2    0   2,000       5    5    1 21/03/02 16:33:43
     743        2    0   2,000       6    6    1 21/03/02 16:33:48
     743        2    0   2,000       7    7    1 21/03/02 16:33:55
     743        2    0   2,000       8    8    1 21/03/02 16:34:12
     743        2    0   2,000       9    9    1 21/03/02 16:34:59
     743        2    0   2,000      10   10    1 21/03/02 16:35:33
                                            ----
                                              10                   TOTAL
     744        8  700       0       1    2    2 28/02/03 11:17:42
     744        8  701       0       1    2    2 05/03/03 17:53:14
     744        8  701       0       1    1    1 05/03/03 17:53:48
     744        8  702       0       1    2    2 01/04/03 15:45:33
     744        8  703       0       1    4    4 02/04/03 15:25:17
     744        8  706       0       1    2    2 27/02/03 18:19:00
     744        8  707       0       1    3    3 01/04/03 15:01:57
     744        8  703   2,003       1    2    2 29/01/03 12:09:34
     744        8  703   2,003       1    1    1 29/01/03 12:10:34
                                            ----
                                              19                   TOTAL
     762        2    0   2,002       3    6    4 27/09/02 17:55:17
     762        7   97   2,002       1    2    2 29/12/02 09:33:42
     762        7   98   2,002       1    5    5 29/12/02 09:32:41
     762        7   99   2,002       1    5    5 29/12/02 09:31:03
                                            ----
                                              16                   TOTAL
     763        8  808       0       1    1    1 28/02/03 16:59:35
     763        8  807   2,020       1    1    1 03/01/03 16:05:47
                                            ----
                                               2                   TOTAL
     952        3  709   2,001       1    3    3 03/10/02 10:28:02
     952        3  857   2,001      65   69    5 03/10/02 10:30:13
     952        3   68   2,002      60   70   11 13/05/02 15:51:23
     952        3  817   2,002      67   70    4 22/07/02 15:40:53
     952        3  833   2,002       1   15   15 19/02/03 08:42:02
     952        3  849   2,002      65   70    6 29/07/02 07:11:25
     952        3  962   2,002       1   70   70 29/08/02 22:32:19
     952        3  980   2,002       1   70   70 03/09/02 16:44:42
                                            ----
                                             184                   TOTAL
