0,00	1,00000	0,00
0,10	1,00039	1,00
0,20	1,00078	1,99
0,30	1,00117	2,99
0,40	1,00156	4,00
0,50	1,00194	5,00
0,60	1,00233	5,99
0,70	1,00273	7,00
0,80	1,00312	8,00
0,90	1,00351	9,00
1,00	1,00390	10,01
1,10	1,00429	11,02
1,20	1,00468	12,03
1,30	1,00507	13,03
1,40	1,00546	14,04
1,50	1,00585	15,05
1,60	1,00624	16,05
1,70	1,00663	17,06
1,80	1,00702	18,08
1,90	1,00741	19,09
2,00	1,00780	20,10
2,10	1,00819	21,11
2,20	1,00859	22,13
2,30	1,00898	23,14
2,40	1,00937	24,15
2,50	1,00977	25,17
2,60	1,01016	26,19
2,70	1,01055	27,19
2,80	1,01094	28,23
2,90	1,01134	29,25
3,00	1,01173	30,26
3,10	1,01213	31,29
3,20	1,01252	32,31
3,30	1,01292	33,33
3,40	1,01331	34,35
3,50	1,01371	35,38
3,60	1,01410	36,41
3,70	1,01450	37,43
3,80	1,01490	38,46
3,90	1,01529	39,49
4,00	1,01569	40,52
4,10	1,01609	41,54
4,20	1,01649	42,57
4,30	1,01688	43,60
4,40	1,01728	44,63
4,50	1,01768	45,67
4,60	1,01808	46,70
4,70	1,01848	47,74
4,80	1,01888	48,77
4,90	1,01928	49,80
5,00	1,01968	50,84
5,10	1,02008	51,87
5,20	1,02048	52,91
5,30	1,02088	53,95
5,40	1,02128	54,99
5,50	1,02168	56,03
5,60	1,02208	57,08
5,70	1,02248	58,12
5,80	1,02289	59,16
5,90	1,02329	60,20
6,00	1,02369	61,25
6,10	1,02409	62,29
6,20	1,02450	63,34
6,30	1,02490	64,39
6,40	1,02530	65,43
6,50	1,02579	66,48
6,60	1,02611	67,53
6,70	1,02652	67,58
6,80	1,02692	69,63
6,90	1,02733	70,69
7,00	1,02773	71,74
7,10	1,02814	72,79
7,20	1,02854	73,84
7,30	1,02895	74,90
7,40	1,02936	75,96
7,50	1,02976	77,01
7,60	1,03017	78,07
7,70	1,03058	79,13
7,80	1,03098	80,19
7,90	1,03139	81,25
8,00	1,03180	82,31
8,10	1,03231	83,37
8,20	1,03262	84,43
8,30	1,03303	85,50
8,40	1,03344	86,57
8,50	1,03385	87,63
8,60	1,03426	88,70
8,70	1,03467	89,77
8,80	1,03508	90,83
8,90	1,03549	91,90
9,00	1,03590	92,97
9,10	1,03631	94,03
9,20	1,03672	95,11
9,30	1,03713	96,18
9,40	1,03755	97,25
9,50	1,03796	98,33
9,60	1,03837	99,40
9,70	1,03879	100,48
9,80	1,03920	101,55
9,90	1,03961	102,63
10,00	1,04003	103,70
10,10	1,04044	104,78
10,20	1,04086	105,87
10,30	1,04127	106,95
10,40	1,04169	108,03
10,50	1,04210	109,11
10,60	1,04252	110,20
10,70	1,04293	111,28
10,80	1,04335	112,36
10,90	1,04377	113,45
11,00	1,04418	114,54
11,10	1,04460	115,64
11,20	1,04502	116,71
11,30	1,04544	117,80
11,40	1,04585	118,89
11,50	1,04627	119,98
11,60	1,04669	121,08
11,70	1,04711	122,17
11,80	1,04756	123,26
11,90	1,04795	124,35
12,00	1,04837	125,44
12,10	1,04879	126,54
12,20	1,04921	127,64
12,30	1,04963	128,74
12,40	1,05005	129,84
12,50	1,05047	130,94
12,60	1,05090	132,04
12,70	1,05132	133,14
12,80	1,05174	134,24
12,90	1,05216	135,35
13,00	1,05259	136,45
13,10	1,05301	137,55
13,20	1,05343	138,66
13,30	1,05386	139,76
13,40	1,05428	140,87
13,50	1,05470	141,98
13,60	1,05513	143,10
13,70	1,05556	144,21
13,80	1,05598	145,32
13,90	1,05641	146,43
14,00	1,05683	147,54
14,10	1,05726	148,65
14,20	1,05769	149,67
14,30	1,05811	150,88
14,40	1,05854	152,00
14,50	1,05897	153,11
14,60	1,05940	154,23
14,70	1,05982	155,35
14,80	1,06025	156,47
14,90	1,06068	157,59
15,00	1,06111	158,72
15,10	1,06154	159,84
15,20	1,06197	160,96
15,30	1,06240	162,09
15,40	1,06283	163,22
15,50	1,06326	164,35
15,60	1,06369	165,47
15,70	1,06412	166,60
15,80	1,06455	167,73
15,90	1,06499	168,85
16,00	1,06542	169,98
16,10	1,06585	171,11
16,20	1,06629	172,25
16,30	1,06672	173,39
16,40	1,06715	174,52
16,50	1,06759	175,65
16,60	1,06802	176,79
16,70	1,06845	177,93
16,80	1,06889	179,07
16,90	1,06933	180,21
17,00	1,06976	181,35
17,10	1,07020	182,49
17,20	1,07063	183,63
17,30	1,07107	184,77
17,40	1,07151	185,91
17,50	1,07194	187,01
17,60	1,07238	188,21
17,70	1,07282	189,35
17,80	1,07325	190,50
17,90	1,07369	191,65
18,00	1,07413	192,79
18,10	1,07457	193,95
18,20	1,07502	195,10
18,30	1,07545	196,25
18,40	1,07589	197,40
18,50	1,07633	198,56
18,60	1,07677	199,71
18,70	1,07721	200,86
18,80	1,07765	202,02
18,90	1,07809	203,18
19,00	1,07853	204,34
19,10	1,07898	205,51
19,20	1,07942	206,67
19,30	1,07986	207,82
19,40	1,08030	208,98
19,50	1,08075	210,15
19,60	1,08119	211,21
19,70	1,08164	212,48
19,80	1,08208	213,65
19,90	1,08252	214,81
20,00	1,08297	215,98
20,10	1,08342	217,16
20,20	1,08386	218,32
20,30	1,08431	219,49
20,40	1,08475	220,67
20,50	1,08520	221,84
20,60	1,08565	223,01
20,70	1,08609	224,19
20,80	1,08654	225,36
20,90	1,08699	226,54
21,00	1,08744	227,72
21,10	1,08789	228,90
21,20	1,08834	230,08
21,30	1,08879	231,26
21,40	1,08923	232,44
21,50	1,08968	233,62
21,60	1,09013	234,81
21,70	1,09058	235,98
21,80	1,09103	237,17
21,90	1,09149	238,36
22,00	1,09194	239,55
22,10	1,09239	240,74
22,20	1,09284	241,93
22,30	1,09329	243,12
22,40	1,09375	244,31
22,50	1,09420	245,50
22,60	1,09465	246,69
22,70	1,09511	247,89
22,80	1,09556	249,09
22,90	1,09602	250,28
23,00	1,09647	251,48
23,10	1,09693	252,68
23,20	1,09738	253,88
23,30	1,09784	255,08
23,40	1,09829	256,28
23,50	1,09875	257,48
23,60	1,09921	258,68
23,70	1,09966	259,89
23,80	1,10012	261,09
23,90	1,10058	262,30
24,00	1,10104	263,50
24,10	1,10149	264,71
24,20	1,10195	265,92
24,30	1,10241	267,13
24,40	1,10287	268,34
24,50	1,10333	269,56
24,60	1,10370	270,76
24,70	1,10425	271,98
24,80	1,10471	273,20
24,90	1,10517	274,41
25,00	1,10564	-22,79
25,10	1,10610	-22,89
25,20	1,10616	-22,99
25,30	1,10702	-23,09
25,40	1,10748	-23,19
25,50	1,10795	-23,28
25,60	1,10841	-23,38
25,70	1,10887	-23,48
25,80	1,10934	-23,58
25,90	1,10980	-23,68
26,00	1,11027	-23,78
26,10	1,11073	-23,88
26,20	1,11120	-23,98
26,30	1,11166	-24,08
26,40	1,11213	-24,18
26,50	1,11260	-24,27
26,60	1,11306	-24,37
26,70	1,11353	-24,47
26,80	1,11400	-24,57
26,90	1,11447	-24,67
27,00	1,11493	-24,77
27,10	1,11540	-24,87
27,20	1,11587	-24,97
27,30	1,11634	-25,07
27,40	1,11681	-25,17
27,50	1,11728	-25,27
27,60	1,11775	-25,36
27,70	1,11822	-25,46
27,80	1,11869	-25,56
27,90	1,11916	-25,66
28,00	1,11963	-25,76
28,10	1,12010	-25,86
28,20	1,12058	-25,96
28,30	1,12105	-26,06
28,40	1,12152	-26,16
28,50	1,12199	-26,26
28,60	1,12247	-26,36
28,70	1,12294	-26,45
28,80	1,12341	-26,55
28,90	1,12389	-26,65
29,00	1,12436	-26,75
29,10	1,12484	-26,85
29,20	1,12532	-26,95
29,30	1,12579	-27,05
29,40	1,12627	-27,15
29,50	1,12674	-27,25
29,60	1,12722	-27,35
29,70	1,12770	-27,44
29,80	1,12817	-27,54
29,90	1,12865	-27,64
30,00	1,12193	337,78
30,10	1,12961	339,05
30,20	1,13009	340,33
30,30	1,13057	341,60
30,40	1,13105	342,87
30,50	1,13153	344,15
30,60	1,13201	345,42
30,70	1,13241	346,69
30,80	1,13279	347,97
30,90	1,13345	349,25
31,00	1,13394	350,53
31,10	1,13442	351,81
31,20	1,13490	353,09
31,30	1,13538	354,37
31,40	1,13587	355,65
31,50	1,13635	356,94
31,60	1,13683	358,23
31,70	1,13732	359,51
31,80	1,13780	360,80
31,90	1,13829	362,09
32,00	1,13877	363,38
32,10	1,13926	364,77
32,20	1,13974	365,96
32,30	1,14023	367,25
32,40	1,14072	368,55
32,50	1,14120	369,84
32,60	1,14169	371,14
32,70	1,14218	372,44
32,80	1,14267	373,74
32,90	1,14316	375,04
33,00	1,14364	376,34
33,10	1,14413	377,64
33,20	1,14462	378,94
33,30	1,14511	380,24
33,40	1,14560	381,55
33,50	1,14609	382,86
33,60	1,14658	384,16
33,70	1,14708	385,48
33,80	1,14757	386,78
33,90	1,14806	388,09
34,00	1,14855	389,41
34,10	1,14904	390,72
34,20	1,14954	392,01
34,30	1,15003	393,35
34,40	1,15052	394,66
34,50	1,15102	395,98
34,60	1,15151	397,30
34,70	1,15201	398,62
34,80	1,15250	399,94
34,90	1,15300	401,27
35,00	1,15356	402,59
35,10	1,15399	403,91
35,20	1,15449	405,23
35,30	1,15498	406,56
35,40	1,15548	407,89
35,50	1,15598	409,22
35,60	1,15648	410,55
35,70	1,15698	411,88
35,80	1,15747	413,20
35,90	1,15797	414,54
36,00	1,15847	415,87
36,10	1,15897	417,21
36,20	1,15947	418,55
36,30	1,15997	419,88
36,40	1,16047	421,22
36,50	1,16098	422,56
36,60	1,16148	423,90
36,70	1,16198	425,24
36,80	1,16248	426,58
36,90	1,16298	427,93
37,00	1,16349	429,28
37,10	1,16399	430,62
37,20	1,16449	431,97
37,30	1,16500	435,32
37,40	1,16550	434,67
37,50	1,16601	436,02
37,60	1,16652	437,37
37,70	1,16702	438,72
37,80	1,16752	440,07
37,90	1,16803	441,43
38,00	1,16853	442,79
38,10	1,16904	444,15
38,20	1,16955	445,51
38,30	1,17006	446,87
38,40	1,17056	448,23
38,50	1,17107	449,59
38,60	1,17158	450,95
38,70	1,17209	452,32
38,80	1,17269	453,69
38,90	1,17311	455,95
39,00	1,17362	456,42
39,10	1,17413	457,79
39,20	1,17464	459,16
39,30	1,17515	460,53
39,40	1,17566	461,90
39,50	1,17618	463,28
39,60	1,17669	464,66
39,70	1,17720	466,03
39,80	1,17772	467,41
39,90	1,17823	468,79
40,00	1,17874	470,17
40,10	1,17926	471,55
40,20	1,17977	472,93
40,30	1,18029	474,31
40,40	1,18080	475,69
40,50	1,18132	477,08
40,60	1,18183	478,47
40,70	1,18235	479,86
40,80	1,18287	481,25
40,90	1,18339	482,65
41,00	1,18390	484,03
41,10	1,18442	485,43
41,20	1,18494	486,82
41,30	1,18546	488,22
41,40	1,18598	489,62
41,50	1,18650	491,01
41,60	1,18702	492,41
41,70	1,18754	493,81
41,80	1,18806	495,21
41,90	1,18858	496,61
42,00	1,18910	498,01
42,10	1,18962	499,42
42,20	1,19014	500,82
42,30	1,19062	502,23
42,40	1,19119	503,63
42,50	1,19171	505,05
42,60	1,19224	506,46
42,70	1,19276	507,87
42,80	1,19329	509,29
42,90	1,19387	510,71
43,00	1,19434	512,12
43,10	1,19486	513,54
43,20	1,19539	514,95
43,30	1,19591	516,37
43,40	1,19644	517,79
43,50	1,19697	519,21
43,60	1,19749	520,64
43,70	1,19802	522,06
43,80	1,19855	523,48
43,90	1,19908	524,91
44,00	1,19961	526,34
44,10	1,20013	527,77
44,20	1,20066	529,19
44,30	1,20119	530,63
44,40	1,20172	532,06
44,50	1,20226	533,49
44,60	1,20279	534,93
44,70	1,20332	536,36
44,80	1,20385	537,80
44,90	1,20438	539,24
45,00	1,20491	540,68
45,10	1,20545	542,12
45,20	1,20598	543,56
45,30	1,20651	545,01
45,40	1,20705	546,45
45,50	1,20758	547,90
45,60	1,20812	549,35
45,70	1,20865	550,80
45,80	1,20919	552,25
45,90	1,20972	553,70
46,00	1,21026	555,15
46,10	1,21080	556,60
46,20	1,21133	558,05
46,30	1,21187	559,91
46,40	1,21241	560,97
46,50	1,21295	562,43
46,60	1,21349	563,90
46,70	1,21402	565,35
46,80	1,21456	566,81
46,90	1,21510	568,27
47,00	1,21564	569,74
47,10	1,21618	571,21
47,20	1,21673	572,68
47,30	1,21727	574,15
47,40	1,21781	575,61
47,50	1,21835	577,08
47,60	1,21889	578,55
47,70	1,21943	580,03
47,80	1,21998	581,51
47,90	1,22052	582,98
48,00	1,22106	584,45
48,10	1,22161	585,93
48,20	1,22215	587,42
48,30	1,22270	588,90
48,40	1,22344	590,36
48,50	1,22379	591,87
48,60	1,22434	593,35
48,70	1,22488	594,84
48,80	1,22543	596,32
48,90	1,22598	597,81
49,00	1,22652	599,30
49,10	1,22707	600,79
49,20	1,22762	602,28
49,30	1,22817	603,78
49,40	1,22872	605,28
49,50	1,22927	606,77
49,60	1,22982	608,27
49,70	1,23037	609,77
49,80	1,23092	611,27
49,90	1,23147	612,77
50,00	1,23202	614,27
50,10	1,23257	615,28
50,20	1,23313	617,28
50,30	1,23368	618,79
50,40	1,23434	620,30
50,50	1,23478	621,81
50,60	1,23534	623,32
50,70	1,23589	624,83
50,80	1,23645	626,35
50,90	1,23700	627,86
51,00	1,23756	629,38
51,10	1,23811	630,90
51,20	1,23867	632,41
51,30	1,23922	633,93
51,40	1,23978	635,45
51,50	1,24034	636,97
51,60	1,24089	638,49
51,70	1,24145	640,02
51,80	1,24201	641,55
51,90	1,24257	643,08
52,00	1,24313	644,61
52,10	1,24369	646,14
52,20	1,24425	647,67
52,30	1,24481	648,20
52,40	1,24537	650,73
52,50	1,24593	652,27
52,60	1,24649	653,80
52,70	1,24705	655,34
52,80	1,24761	656,88
52,90	1,24818	658,43
53,00	1,24874	659,96
53,10	1,24930	661,51
53,20	1,24987	663,05
53,30	1,25043	664,60
53,40	1,25099	666,15
53,50	1,25156	667,70
53,60	1,25212	669,25
53,70	1,25269	670,80
53,80	1,25325	672,35
53,90	1,25382	673,90
54,00	1,25439	675,46
54,10	1,25495	677,02
54,20	1,25552	678,57
54,30	1,25609	680,13
54,40	1,25666	681,69
54,50	1,25723	683,26
54,60	1,25780	684,82
54,70	1,25836	686,38
54,80	1,25893	687,94
54,90	1,25950	689,52
55,00	1,26007	691,09
55,10	1,26064	692,66
55,20	1,26122	694,23
55,30	1,26179	695,80
55,40	1,26236	697,38
55,50	1,26293	698,95
55,60	1,26350	700,53
55,70	1,26408	702,10
55,80	1,26465	703,68
55,90	1,26522	705,27
56,00	1,26580	706,85
56,10	1,26637	708,44
56,20	1,26695	710,02
56,30	1,26752	711,61
56,40	1,26810	713,19
56,50	1,26868	714,78
56,60	1,26925	716,37
56,70	1,26983	717,96
56,80	1,27041	719,55
56,90	1,27098	721,15
57,00	1,27156	722,75
57,10	1,27214	724,35
57,20	1,27272	725,95
57,30	1,27330	727,55
57,40	1,27388	729,15
57,50	1,27446	730,75
57,60	1,27504	732,35
57,70	1,27562	733,95
57,80	1,27620	735,36
57,90	1,27678	737,17
58,00	1,27736	738,78
58,10	1,27794	740,39
58,20	1,27853	742,00
58,30	1,27911	743,62
58,40	1,27969	745,23
58,50	1,28028	746,95
58,60	1,28086	748,46
58,70	1,28145	750,08
58,80	1,28203	751,70
58,90	1,28262	753,53
59,00	1,28320	754,98
59,10	1,28379	756,58
59,20	1,28437	758,21
59,30	1,28497	759,84
59,40	1,28555	761,47
59,50	1,28614	763,10
59,60	1,28672	764,73
59,70	1,28731	766,36
59,80	1,28789	767,99
59,90	1,28849	769,63
60,00	1,28908	771,27
60,10	1,28966	772,90
60,20	1,29025	774,54
60,30	1,29084	776,18
60,40	1,29143	777,82
60,50	1,29203	779,47
60,60	1,29262	781,12
60,70	1,29321	782,77
60,80	1,29380	784,41
60,90	1,29439	786,06
61,00	1,29498	787,71
61,10	1,29559	789,37
61,20	1,29618	791,02
61,30	1,29677	792,68
61,40	1,29736	794,36
61,50	1,29796	795,99
61,60	1,29855	797,65
61,70	1,29915	799,21
61,80	1,29975	800,97
61,90	1,30034	802,64
62,00	1,30093	804,31
62,10	1,30153	805,97
62,20	1,30202	807,64
62,30	1,30273	809,31
62,40	1,30334	810,99
62,50	1,30393	812,66
62,60	1,30453	814,34
62,70	1,30513	816,01
62,80	1,30573	817,69
62,90	1,30633	819,37
63,00	1,30694	821,05
63,10	1,30754	822,73
63,20	1,30815	824,42
63,30	1,30875	826,10
63,40	1,30936	827,79
63,50	1,30994	829,47
63,60	1,31055	831,16
63,70	1,31117	832,85
63,80	1,31177	834,55
63,90	1,31237	836,24
64,00	1,31297	837,93
64,10	1,31359	839,63
64,20	1,31418	841,33
64,30	1,31479	843,03
64,40	1,31540	844,73
64,50	1,31600	846,43
64,60	1,31661	848,13
64,70	1,31723	849,84
64,80	1,31784	851,55
64,90	1,31845	853,26
65,00	1,31905	854,96
65,10	1,31966	856,68
65,20	1,32028	858,39
65,30	1,32089	860,11
65,40	1,32150	861,82
65,50	1,32210	863,54
65,60	1,32271	865,25
65,70	1,32332	866,97
65,80	1,32393	868,69
65,90	1,32455	870,42
66,00	1,32516	872,14
66,10	1,32577	873,86
66,20	1,32638	875,58
66,30	1,32699	877,31
66,40	1,32759	879,03
66,50	1,32820	880,77
66,60	1,32884	882,50
66,70	1,32945	884,24
66,80	1,33007	885,98
66,90	1,33068	887,71
67,00	1,33129	889,44
67,10	1,33192	891,19
67,20	1,33254	892,94
67,30	1,33315	894,68
67,40	1,33377	896,42
67,50	1,33438	898,17
67,60	1,33500	899,92
67,70	1,33562	901,67
67,80	1,33625	903,43
67,90	1,33686	905,18
68,00	1,33748	906,93
68,10	1,33810	908,68
68,20	1,33872	910,44
68,30	1,33935	912,20
68,40	1,33997	913,96
68,50	1,34059	915,72
68,60	1,34121	917,48
68,70	1,34184	919,24
68,80	1,34245	921,01
68,90	1,34309	922,79
69,00	1,34371	924,55
69,10	1,34433	926,32
69,20	1,34495	928,09
69,30	1,34559	929,86
69,40	1,34621	931,64
69,50	1,34684	933,41
69,60	1,34746	935,19
69,70	1,34809	936,97
69,80	1,34881	938,75
69,90	1,34934	940,53
