
-----------Lote- --------Año-T.Tambor-- ----Artículo ------Suc- ---------------i ---------------k fecha_reproceso- Fecha-----------

        63         2,005          3          53         96              35         8,750.00       19/09/2005       30/08/2005
     1,675         2,005          1         532         95               2         2,600.00       19/09/2005       30/08/2005
     1,681         2,005          1         532         95               7         1,960.00       29/09/2005       28/08/2005
       324         2,005          1         532         96               6         1,560.00       19/09/2005       30/08/2005
       325         2,005          1         532         96              10         2,700.00       19/09/2005       30/08/2005
       332         2,005          1         532         96              16         3,850.00       19/09/2005       30/08/2005
     1,774         2,005          1         532         95               3           690.00       29/09/2005       28/08/2005
     1,775         2,005          1         532         95               3           780.00       29/09/2005       28/08/2005
     1,777         2,005          1         532         95               3           750.00       29/09/2005       28/08/2005
     1,788         2,005          1         532         95               5         1,250.00       29/09/2005       28/08/2005
     1,151         2,005          1         521         95               6         1,560.00       29/09/2005       28/08/2005
     1,791         2,005          1         532         95               7         1,610.00       29/09/2005       28/08/2005
